#NC_019843.3 0
0 38
0 40
0 54
0 54
0 44
0 51
0 47
0 49
0 47
0 49
0 33
0 44
0 43
0 47
0 40
0 42
0 45
0 44
0 46
0 43
0 40
0 38
0 35
0 41
0 43
0 44
0 39
0 39
0 45
0 37
0 40
0 48
0 45
0 44
0 50
0 44
0 41
0 46
0 47
0 42
0 36
0 38
0 38
0 36
0 43
0 41
0 36
0 36
0 38
0 45
0 30
0 39
0 51
0 43
0 53
0 42
0 46
0 40
0 41
0 40
0 32
0 41
0 38
0 35
0 40
0 42
0 39
0 45
0 35
0 42
0 42
0 42
0 40
0 40
0 44
0 44
0 41
0 43
0 38
0 36
0 41
0 45
0 38
0 43
0 38
0 37
0 35
0 45
0 42
0 42
0 50
0 37
0 41
0 43
0 36
0 33
0 43
0 33
0 36
0 46
0 49
0 47
0 44
0 48
0 44
0 38
0 40
0 41
0 44
0 44
0 37
0 39
0 44
0 38
0 42
0 36
0 39
0 40
0 45
0 38
0 40
0 47
0 45
0 35
0 44
0 37
0 40
0 42
0 49
0 40
0 48
0 38
0 43
0 46
0 43
0 36
0 41
0 36
0 39
0 36
0 47
0 39
0 37
0 38
0 37
0 44
0 40
0 36
0 36
0 40
0 41
0 47
0 39
0 42
0 45
0 40
0 38
0 34
0 45
0 44
0 34
0 41
0 49
0 40
0 40
0 41
0 45
0 40
0 40
0 47
0 40
0 38
0 36
0 34
0 43
0 37
0 42
0 44
0 39
0 38
0 40
0 43
0 48
0 43
0 54
0 37
0 49
0 42
0 35
0 42
0 41
0 40
0 43
0 33
0 43
0 32
0 39
0 38
0 36
0 32
0 38
0 39
0 35
0 34
0 38
0 41
0 41
0 43
0 40
0 39
0 35
0 37
0 35
0 31
0 39
0 39
0 40
0 41
0 44
0 43
0 40
0 34
0 41
0 37
0 35
0 43
0 35
0 33
0 36
0 38
0 43
0 46
0 44
0 41
0 39
0 47
0 48
0 36
0 39
0 44
0 40
0 42
0 42
0 46
0 41
0 41
0 41
0 47
0 43
0 36
0 44
0 43
0 36
0 43
0 44
0 39
0 40
0 42
0 35
0 45
0 45
0 50
0 43
0 42
0 42
0 39
0 40
0 38
0 42
0 41
0 36
0 37
0 39
0 37
0 48
0 45
0 38
0 39
0 43
0 38
0 42
0 43
0 47
0 48
0 45
0 40
0 41
0 54
0 50
0 51
0 44
0 51
0 42
0 49
0 48
0 42
0 38
0 53
0 46
0 31
0 37
